Time	wtime	gpufbmem	gpumempct	gpusmpct	ngpus	pss	rss	swap	vmem	rchar	read_bytes	wchar	write_bytes	rx_bytes	rx_packets	tx_bytes	tx_packets	stime	utime	nprocs	nthreads
1772632269	1	0	0	0	0	165	2100	0	8620	7088	0	0	0	445	3	152	2	0	0	1	1
1772632271	3	0	0	0	0	165	2100	0	8620	7088	0	0	0	617	5	402	5	0	0	1	1
1772632273	5	0	0	0	0	165	2100	0	8620	7088	0	0	0	1051	9	981	10	0	0	1	1
1772632275	7	0	0	0	0	165	2100	0	8620	7088	0	0	0	2258	19	8621	24	0	0	1	1
1772632277	9	0	0	0	0	165	2100	0	8620	7088	0	0	0	9553	56	29647	67	0	0	1	1
1772632279	11	0	0	0	0	165	2100	0	8620	7088	0	0	0	12592	65	30320	72	0	0	1	1
1772632281	13	0	0	0	0	165	2100	0	8620	7088	0	0	0	29140	123	51278	123	0	0	1	1
1772632283	15	0	0	0	0	165	2100	0	8620	7088	0	0	0	42543	159	58877	158	0	0	1	1
1772632285	17	0	0	0	0	165	2100	0	8620	7088	0	0	0	43076	164	59424	162	0	0	1	1
1772632287	19	0	0	0	0	165	2100	0	8620	7088	0	0	0	44122	176	66900	179	0	0	1	1
1772632289	21	0	0	0	0	165	2100	0	8620	7088	0	0	0	44708	181	76856	193	0	0	1	1
1772632291	23	0	0	0	0	165	2100	0	8620	7088	0	0	0	55787	208	98796	229	0	0	1	1
1772632293	25	0	0	0	0	165	2100	0	8620	7088	0	0	0	57465	218	104539	239	0	0	1	1
1772632295	27	0	0	0	0	165	2100	0	8620	7088	0	0	0	133468	296	113269	291	0	0	1	1
1772632297	29	0	0	0	0	165	2100	0	8620	7088	0	0	0	133951	301	113822	296	0	0	1	1
1772632299	31	0	0	0	0	165	2100	0	8620	7088	0	0	0	135518	310	119230	307	0	0	1	1
1772632301	33	0	0	0	0	165	2100	0	8620	7088	0	0	0	135941	314	119663	310	0	0	1	1
1772632303	35	0	0	0	0	165	2100	0	8620	7088	0	0	0	136391	319	120045	314	0	0	1	1
1772632305	37	0	0	0	0	165	2100	0	8620	7088	0	0	0	137019	324	120600	318	0	0	1	1
1772632307	39	0	0	0	0	165	2100	0	8620	7088	0	0	0	137442	328	121111	322	0	0	1	1
1772632309	41	0	0	0	0	165	2100	0	8620	7088	0	0	0	137641	331	121244	324	0	0	1	1
1772632311	43	0	0	0	0	165	2100	0	8620	7088	0	0	0	138038	335	121677	327	0	0	1	1
1772632313	45	0	0	0	0	165	2100	0	8620	7088	0	0	0	138582	341	122243	332	0	0	1	1
1772632315	47	0	0	0	0	165	2100	0	8620	7088	0	0	0	139842	353	123384	342	0	0	1	1
1772632317	49	0	0	0	0	165	2100	0	8620	7088	0	0	0	140331	358	123961	347	0	0	1	1
1772632319	51	0	0	0	0	165	2100	0	8620	7088	0	0	0	140583	361	124367	350	0	0	1	1
1772632321	53	0	0	0	0	165	2100	0	8620	7088	0	0	0	140962	365	124573	353	0	0	1	1
1772632323	55	0	0	0	0	165	2100	0	8620	7088	0	0	0	141359	369	125048	357	0	0	1	1
1772632325	57	0	0	0	0	165	2100	0	8620	7088	0	0	0	141693	373	125248	359	0	0	1	1
1772632327	59	0	0	0	0	165	2100	0	8620	7088	0	0	0	142116	377	125759	363	0	0	1	1
1772632329	61	0	0	0	0	165	2100	0	8620	7088	0	0	0	142559	382	126288	368	0	0	1	1
1772632331	63	0	0	0	0	165	2100	0	8620	7088	0	0	0	143450	390	127066	374	0	0	1	1
1772632333	65	0	0	0	0	165	2100	0	8620	7088	0	0	0	143847	394	127541	378	0	0	1	1
1772632335	67	0	0	0	0	165	2100	0	8620	7088	0	0	0	151846	422	134314	401	0	0	1	1
1772632337	69	0	0	0	0	165	2100	0	8620	7088	0	0	0	152408	428	134831	406	0	0	1	1
1772632339	71	0	0	0	0	165	2100	0	8620	7088	0	0	0	152859	432	135323	410	0	0	1	1
1772632341	73	0	0	0	0	165	2100	0	8620	7088	0	0	0	153247	437	135920	415	0	0	1	1
1772632343	75	0	0	0	0	165	2100	0	8620	7088	0	0	0	153558	440	136048	417	0	0	1	1
1772632345	77	0	0	0	0	165	2100	0	8620	7088	0	0	0	154177	446	136767	423	0	0	1	1
1772632347	79	0	0	0	0	165	2100	0	8620	7088	0	0	0	154315	448	136845	424	0	0	1	1
1772632349	81	0	0	0	0	165	2100	0	8620	7088	0	0	0	154626	451	137242	427	0	0	1	1
1772632351	83	0	0	0	0	165	2100	0	8620	7088	0	0	0	155049	455	137753	431	0	0	1	1
1772632353	85	0	0	0	0	165	2100	0	8620	7088	0	0	0	155161	457	137795	432	0	0	1	1
1772632355	87	0	0	0	0	165	2100	0	8620	7088	0	0	0	155652	462	138319	436	0	0	1	1
1772632357	89	0	0	0	0	165	2100	0	8620	7088	0	0	0	155989	465	138752	439	0	0	1	1
1772632359	91	0	0	0	0	165	2100	0	8620	7088	0	0	0	156241	468	138889	441	0	0	1	1
1772632361	93	0	0	0	0	165	2100	0	8620	7088	0	0	0	156730	473	139466	446	0	0	1	1
1772632363	95	0	0	0	0	165	2100	0	8620	7088	0	0	0	156930	476	139868	449	0	0	1	1
1772632365	97	0	0	0	0	165	2100	0	8620	7088	0	0	0	157895	484	140408	454	0	0	1	1
1772632367	99	0	0	0	0	165	2100	0	8620	7088	0	0	0	158274	488	140883	458	0	0	1	1
1772632369	101	0	0	0	0	165	2100	0	8620	7088	0	0	0	158472	491	141011	460	0	0	1	1
1772632371	103	0	0	0	0	165	2100	0	8620	7088	0	0	0	158895	495	141522	464	0	0	1	1
1772632373	105	0	0	0	0	165	2100	0	8620	7088	0	0	0	159326	500	141919	467	0	0	1	1
1772632375	107	0	0	0	0	165	2100	0	8620	7088	0	0	0	159618	504	142088	469	0	0	1	1
1772632377	109	0	0	0	0	165	2100	0	8620	7088	0	0	0	160310	511	143019	478	0	0	1	1
1772632379	111	0	0	0	0	165	2100	0	8620	7088	0	0	0	161004	518	143678	483	0	0	1	1
1772632381	113	0	0	0	0	165	2100	0	8620	7088	0	0	0	167430	543	166679	520	0	0	1	1
1772632383	115	0	0	0	0	165	2100	0	8620	7088	0	0	0	167807	547	167076	523	0	0	1	1
1772632385	117	0	0	0	0	165	2100	0	8620	7088	0	0	0	173372	570	179056	552	0	0	1	1
1772632387	119	0	0	0	0	165	2100	0	8620	7088	0	0	0	180744	651	279859	637	0	0	1	1
